2.886726291685760663e-03
1.155501668505522737e-02
2.471801826336936236e-02
3.380944106903736868e-02
3.718918228456273567e-02
3.722687375895997186e-02
3.683004635583601166e-02
3.626253636337387759e-02
3.572419237635033468e-02
3.521359693645133987e-02
3.472924094618416030e-02
3.426933398439476613e-02
3.383223575949452500e-02
3.341696882519053224e-02
3.302290537431362694e-02
3.264932601716871718e-02
3.229510691638105835e-02
3.195906711009580126e-02
3.164001839058401544e-02
3.133682930087872132e-02
3.104845485119633527e-02
3.077422159169986016e-02
3.051368759421865112e-02
3.026637672493480077e-02
3.003150726528823478e-02
2.992295354022231346e-02
3.165851705597675508e-02
3.758474076378224421e-02
4.751833825733610406e-02
5.649030002772344183e-02
6.131728294119120903e-02
6.497988378701947954e-02
7.161212427914442902e-02
8.090616680219811507e-02
8.579710821177458091e-02
8.544936012676233872e-02
8.280024328118133770e-02
8.063359765933227064e-02
7.887744230049099914e-02
7.689945875285886245e-02
7.454495868532808045e-02
7.202293415368603291e-02
6.993072771616865024e-02
6.896835501215133057e-02
6.926161973689431983e-02
6.956946758577256529e-02
6.868819659297044355e-02
6.682970535820029201e-02
6.471325112632378418e-02
6.270091012176598477e-02
6.079590394015535471e-02
5.899648994627672283e-02
5.729661605532254676e-02
5.569072616461066827e-02
5.417368364315217760e-02
5.274070550005190150e-02
5.138719318194097385e-02
5.010864046961568952e-02
4.890089330667014844e-02
4.776021286106000435e-02
4.668307292696423361e-02
4.566606810938643457e-02
4.470584231408819553e-02
4.379912121352746990e-02
4.294278833248232896e-02
4.213405384869494535e-02
4.150659302239753656e-02
4.200098135705730013e-02
4.719697830152591589e-02
6.009210332041917818e-02
8.008239502720577996e-02
1.051830652296335544e-01
1.362149514027893860e-01
1.680581356042267771e-01
1.912825556623527212e-01
2.092348524693299072e-01
2.265083878168052955e-01
2.386088436756089448e-01
2.385181547712350303e-01
2.299185630738205255e-01
2.190058399197888639e-01
2.086993311851127464e-01
1.989659588562018577e-01
1.897742483879911179e-01
1.810942669732155119e-01
1.728977929052666618e-01
1.651582237093583982e-01
1.578503075128031841e-01
1.509500855110046669e-01
1.444349048766000732e-01
1.382834672929157682e-01
1.324757504592802282e-01
1.269928461052075019e-01
1.218169012414865582e-01
1.169310835496342044e-01
1.123193561603037377e-01
1.089119980664309262e-01
1.139205357911398792e-01
1.335735575503579353e-01
1.647097679870288267e-01
1.930188646723472456e-01
2.187263962255291960e-01
2.436412346838877641e-01
2.663405021523464478e-01
2.817885981695167352e-01
2.878202233216369255e-01
2.855752526388949386e-01
2.812224852515081142e-01
2.781880185449602805e-01
2.720954433871736189e-01
2.634925303895389592e-01
2.592968703061749314e-01
2.636849312699382497e-01
2.697085445727738229e-01
2.677027799770567151e-01
2.582320569908539976e-01
2.462302848471246697e-01
2.347746265390281417e-01
2.264185639126120586e-01
2.301839569022433030e-01
2.535618912735730368e-01
2.925587299837437150e-01
3.289575969769165109e-01
3.541246164663794938e-01
3.637240881823927130e-01
3.637903680662240014e-01
3.543683274354520463e-01
3.398323875894636026e-01
3.239156460989561226e-01
3.112671016502623900e-01
3.074247340349215429e-01
3.218894845587174647e-01
3.678134332283607977e-01
4.421934799997890853e-01
5.195083730459723048e-01
5.639729426145105862e-01
5.715536795033474560e-01
5.569175882764199059e-01
5.338514341819592390e-01
5.132671960807483336e-01
5.035364552004351069e-01
5.061568390166952813e-01
5.115445943991731026e-01
5.181742010680004951e-01
5.222312490577478705e-01
5.299506911938995923e-01
5.665560807083611650e-01
6.504807894973948512e-01
7.576350221850284283e-01
8.454499095582415080e-01
8.908410727047536559e-01
9.033414394368184386e-01
8.954020249829606204e-01
8.935082401421814424e-01
9.292984976828044807e-01
1.016612073691387064e+00
1.133504098505168534e+00
1.243334943171948037e+00
1.330370315829149996e+00
1.397496809923845396e+00
1.420960621892430442e+00
1.394576613215048555e+00
1.334785186547754909e+00
1.266702129577762070e+00
1.199827430274091000e+00
1.136599475264396641e+00
1.079904179489451721e+00
1.053017228988663012e+00
1.085070296710707760e+00
1.165308307328114967e+00
1.250449611434951702e+00
1.342197806630184287e+00
1.465231988682765385e+00
1.562976274557798639e+00
1.583316576670350528e+00
1.533822154556421014e+00
1.461237188240008367e+00
1.389392600105641584e+00
1.321939810834037221e+00
1.255607051170997357e+00
1.190488863484036264e+00
1.128036404067632947e+00
1.069032629240984855e+00
1.013287702475798913e+00
9.606223543542069532e-01
9.108672340507755205e-01
8.638622142176526353e-01
8.194559268812771080e-01
7.775054200604539778e-01
7.378756305857716580e-01
7.004387633860741369e-01
6.650738835187055553e-01
6.316666462143640803e-01
6.001090990599015074e-01
5.702989949525650859e-01
5.421395748933867109e-01
5.155394824097945250e-01
4.904127470704620628e-01
4.666782658257178085e-01
4.442591831447600947e-01
4.230826817839959397e-01
4.030801742370805907e-01
3.841872486073975579e-01
3.663431417721244032e-01
3.494903978714841708e-01
3.390537955176173290e-01
3.411445014122732045e-01
3.533473011433987399e-01
3.582047404098502863e-01
3.504124968486779790e-01
3.358930740247669799e-01
3.251282110474028597e-01
3.249875546595208942e-01
3.390806756379575182e-01
3.628697234215461642e-01
4.103498022715335036e-01
4.953630224667682214e-01
6.278947356932575996e-01
7.987091108795481009e-01
1.017483336634561031e+00
1.219369465840517197e+00
1.320800684588167684e+00
1.325000982443105713e+00
1.300666716190564065e+00
1.285466325666860365e+00
1.263578445627304481e+00
1.231497509090549114e+00
1.192462302782766326e+00
1.149267282108797694e+00
1.098454049319015580e+00
1.044026979288743107e+00
9.922597983105745367e-01
9.473126844764557797e-01
9.082837905409663071e-01
8.710201620772539677e-01
8.359487276807814338e-01
8.027758023132932630e-01
7.679536400267463758e-01
7.311354797447521259e-01
6.946073581383729323e-01
6.600960282020075232e-01
6.274907390404966812e-01
5.966858848417491146e-01
5.675813706663975777e-01
5.535577036507215443e-01
5.983241611018506045e-01
7.310506692474530999e-01
9.123234390239700620e-01
1.059572846236414900e+00
1.190712902772117721e+00
1.343370940565951521e+00
1.508850273896203298e+00
1.598821248361943725e+00
1.615651368227239981e+00
1.587580031980259321e+00
1.541957032382806680e+00
1.486467707944111538e+00
1.459172080045320286e+00
1.484867471063428424e+00
1.556268802740394142e+00
1.613781893191527317e+00
1.644972974763385665e+00
1.645778293833327188e+00
1.640767932715221145e+00
1.627827696977989680e+00
1.585853079067786497e+00
1.515971535116471536e+00
1.443209669762649083e+00
1.407643303520937916e+00
1.443438333790983075e+00
1.541758826271861560e+00
1.630947692398446058e+00
1.649025551976639248e+00
1.600824560068937252e+00
1.531958727785472485e+00
1.472140418332737788e+00
1.420663217868496142e+00
1.365391300839959854e+00
1.311554824285603438e+00
1.267043146965119771e+00
1.225833853676246088e+00
1.176140400820550491e+00
1.119283373272528026e+00
1.061899904660378535e+00
1.007551162697815528e+00
9.561867538757256035e-01
9.076413863907978330e-01
8.617586849440265206e-01
8.183912279270180168e-01
7.774004148153691451e-01
7.386559328311497197e-01
7.020348953420992855e-01
6.674212822821484759e-01
6.347055839128658006e-01
6.037845631263435431e-01
5.745603680887821918e-01
5.469402384103277948e-01
5.223284899704790929e-01
5.066857816374644718e-01
5.084269570214863254e-01
5.318827696138532790e-01
5.657969184143001318e-01
5.902374277377848699e-01
5.898720028709750762e-01
5.768210350309077583e-01
5.741367934429277842e-01
5.900521090291831472e-01
6.097308799422112013e-01
6.095962695621603977e-01
6.016393114712892398e-01
6.188538690665819075e-01
6.744172937793447842e-01
7.363604056134559483e-01
7.705162135560467140e-01
7.891625322347186611e-01
8.128328496718874030e-01
8.458283728787998612e-01
8.749474295897039511e-01
9.103066286099954496e-01
9.617645474722085197e-01
1.020328104443413153e+00
1.059400478658280464e+00
1.054008009949264135e+00
1.015085800188194609e+00
9.643648318852037216e-01
9.154509361828744307e-01
8.691478614059794383e-01
8.253871853739559450e-01
7.840298777541588882e-01
7.449437523137475425e-01
7.095174329285378612e-01
6.792430387270741443e-01
6.532600491027769074e-01
6.284823438523653438e-01
6.053550318956276710e-01
5.843594905486543256e-01
5.617299778970191726e-01
5.367635289250283215e-01
5.113172103160614768e-01
4.876487026446778561e-01
4.672727379805602932e-01
4.509700480310711024e-01
4.385691325627276704e-01
4.304477055655434592e-01
4.327240781206355136e-01
4.517698946321844766e-01
4.918411299538265058e-01
5.427117650400290483e-01
5.850197984799760942e-01
6.092689377028128739e-01
6.273841210844383065e-01
6.440345794159766379e-01
6.462389338893480550e-01
6.287506856339717398e-01
6.010871473345765770e-01
5.734426531056500131e-01
5.493241332454202874e-01
5.282839925332548647e-01
5.086187742962300362e-01
4.877526477237040803e-01
4.658861836936564194e-01
4.442671913438455689e-01
4.266176839405626531e-01
4.156429829771361439e-01
4.096798564937084164e-01
4.009268131119848588e-01
3.903209215450793024e-01
3.818584267258453013e-01
3.757020608564956565e-01
3.675245826416631001e-01
3.567892012951625613e-01
3.436301058277915210e-01
3.294531023090369048e-01
3.152550615304102744e-01
3.018297311699524310e-01
2.891340980610175859e-01
2.771278360948040698e-01
2.657731571993663944e-01
2.550344562464539333e-01
2.448782233464047164e-01
2.352729294916326985e-01
2.261884737915179355e-01
2.175959878668624614e-01
2.094680857370630478e-01
2.017790131555899369e-01
1.981273062243898986e-01
2.043113590988596961e-01
2.267476256815921520e-01
2.603995205810460400e-01
2.940317939382501300e-01
3.118022989852853311e-01
3.151617873460975661e-01
3.128609465989130034e-01
3.082358186200025996e-01
3.004761107753443072e-01
2.912412567071537839e-01
2.848824982892618762e-01
2.870055691029304579e-01
3.045820949015953794e-01
3.357300887237934517e-01
3.777343968094989402e-01
4.231846746914682544e-01
4.649397636913435994e-01
4.881166334823864861e-01
4.976590829719496623e-01
5.019315564579702738e-01
5.113589512262241010e-01
5.341780190461968836e-01
5.873293897241264050e-01
6.813941695938818821e-01
8.092049127103115858e-01
9.252162968973192125e-01
9.854644916124684073e-01
9.919034445610995787e-01
9.675424390864946211e-01
9.288164633098863199e-01
8.842304909986651307e-01
8.398596932440323126e-01
7.978023217841917480e-01
7.579302874309271632e-01
7.201919689778634170e-01
6.845284634075259333e-01
6.574536113975520957e-01
6.504991780002175039e-01
6.658499669545925315e-01
6.837130806647899739e-01
6.867889560428637186e-01
6.763193252262688082e-01
6.580807432703895676e-01
6.381176725246419101e-01
6.169845471019681504e-01
5.968538858321256191e-01
5.837012240030164945e-01
5.880379107770895564e-01
6.126186414977619066e-01
6.492143053709806821e-01
6.913086331605213797e-01
7.326574520015454173e-01
7.670744713017275673e-01
8.015316639753679029e-01
8.479678012604314752e-01
8.904923507828078622e-01
9.059076889341421968e-01
9.121135128567907646e-01
9.272401502925212702e-01
9.292516143615241475e-01
9.083157263742790422e-01
8.777674700668908203e-01
8.659056790615674570e-01
9.177417855046390294e-01
1.065778627008283852e+00
1.271036082746682450e+00
1.445903190629358015e+00
1.609553150890605799e+00
1.810504921244734611e+00
2.031479774464580945e+00
2.246839690425071812e+00
2.510045168528633130e+00
2.824586092792179759e+00
2.993912241167016042e+00
2.997099799737761749e+00
2.907097699860434314e+00
2.810960999701295204e+00
2.708174825457578816e+00
2.620199074858014843e+00
2.567404056409334778e+00
2.551916980019750092e+00
2.513639803712413912e+00
2.436692755856845416e+00
2.345939841082455679e+00
2.302297150243849178e+00
2.342480132019215233e+00
2.433334964997404537e+00
2.485082484572560091e+00
2.455163965231828893e+00
2.386987180297426292e+00
2.320394697225729885e+00
2.236894055013029181e+00
2.131573121413093741e+00
2.018852536234061912e+00
1.912341770676314168e+00
1.812853707506002054e+00
1.738229457441024861e+00
1.705662017330861646e+00
1.716342975917121150e+00
1.743090926308153987e+00
1.779621244627198839e+00
1.795288853736733081e+00
1.759748491889388422e+00
1.683100207377499657e+00
1.613390330101392767e+00
1.600570748240198959e+00
1.659112723366733544e+00
1.732731805283085569e+00
1.764627440289960214e+00
1.759333588296934536e+00
1.764260642121656453e+00
1.790776544177584695e+00
1.843144395492056109e+00
1.921614491565257987e+00
2.007149242971483005e+00
2.025591237840452141e+00
1.981503203197293450e+00
1.907903342588990192e+00
1.848653412103775651e+00
1.833116286250271676e+00
1.861014558684416009e+00
1.863886146107373465e+00
1.818132834112358154e+00
1.746560507399427475e+00
1.678287911897575757e+00
1.621792588195591467e+00
1.616959093766199507e+00
1.702770689984775654e+00
1.856311125416402641e+00
1.968925911175041232e+00
1.982969953147486031e+00
1.921567029421894057e+00
1.837707391486326447e+00
1.768689102770921062e+00
1.770924221796414511e+00
1.874651856011158690e+00
2.011045587981761251e+00
2.057370794906166811e+00
2.039846852792404075e+00
2.062998111388961053e+00
2.160368166070107954e+00
2.227070459050055629e+00
2.199166458656922174e+00
2.122782954651138532e+00
2.086934017757714255e+00
2.121700916782436774e+00
2.171149708821284108e+00
2.205688753685108860e+00
2.259334247929177142e+00
2.333557443451775626e+00
2.343700571738757787e+00
2.270470301026480620e+00
2.156469328673426666e+00
2.043024089697780266e+00
1.935826581524302981e+00
1.840492630965752552e+00
1.800417285614920537e+00
1.878893687576716598e+00
2.082653637043496264e+00
2.321540372030850730e+00
2.508163541895815474e+00
2.601797335736506067e+00
2.575410022538672905e+00
2.474816977260357209e+00
2.358571469893748773e+00
2.257088632078839918e+00
2.161606585411232739e+00
2.095900546635362183e+00
2.110995753708605260e+00
2.232964113896703129e+00
2.396079348940344023e+00
2.493287407845913961e+00
2.483554806322011199e+00
2.415343063394141510e+00
2.332946173452656868e+00
2.237908380272212838e+00
2.135748856596763723e+00
2.045126819202342183e+00
1.986058961452370930e+00
1.973806422418768358e+00
2.020550807862692366e+00
2.147167038073967138e+00
2.340792683680270159e+00
2.592257722934124153e+00
2.819077631961444119e+00
3.025764775478041457e+00
3.145475187788054239e+00
3.156602480064664373e+00
3.059643754361899504e+00
2.916363984061613124e+00
2.782335969232720974e+00
2.763378988026865990e+00
2.946690914223824453e+00
3.274774974681303963e+00
3.520824923815737861e+00
3.587379776225412265e+00
3.530995240532409873e+00
3.451314761930631470e+00
3.392666792580385504e+00
3.356357067004398065e+00
3.300556446454897319e+00
3.191036285827050456e+00
3.041447722319516433e+00
2.882213326916290175e+00
2.729517231323162374e+00
2.585007575327087359e+00
2.448451239012403580e+00
2.319411054125663174e+00
2.197472870546811397e+00
2.082245447528931148e+00
1.973359379366775190e+00
1.910136724703314082e+00
1.954190701243491812e+00
2.120956004808955075e+00
2.289161735738065584e+00
2.359419300487377136e+00
2.326916799598226060e+00
2.262247639657396281e+00
2.196526322283030019e+00
2.114600616126700583e+00
2.014361525905565831e+00
1.909301563528444934e+00
1.809983340724129031e+00
1.716126050410983872e+00
1.629713938086357006e+00
1.553153335016209668e+00
1.487707993672529927e+00
1.432082660083170200e+00
1.392494184126426671e+00
1.367675345362599382e+00
1.343233639085264164e+00
1.302949460731285924e+00
1.257500567807550595e+00
1.251216793189330989e+00
1.320735624427819888e+00
1.485897951637560555e+00
1.687110088349949466e+00
1.859153777876329627e+00
1.908758911317648854e+00
1.866006891592116412e+00
1.793538710991543939e+00
1.748212617231983845e+00
1.735907008218740444e+00
1.755715289477528973e+00
1.767089640887537172e+00
1.746354773479997569e+00
1.691500719671285902e+00
1.623653232015453973e+00
1.559397349495353247e+00
1.503476485763337589e+00
1.442572530957638710e+00
1.374449349239422968e+00
1.304648463890907495e+00
1.238553318086340616e+00
1.176085597853227194e+00
1.117044962575665545e+00
1.061241776948694149e+00
1.008497956570808096e+00
9.629189882169242320e-01
9.283849687938963147e-01
9.021532287378575266e-01
8.759138075896960585e-01
8.527229262281216249e-01
8.344498329101077694e-01
8.103887527048816430e-01
7.787574243089334658e-01
7.454743126819274313e-01
7.146214396743898467e-01
6.837533955702410626e-01
6.552067140823955027e-01
6.386361971214049582e-01
6.413315724781908367e-01
6.542494974786919881e-01
6.565763126893319201e-01
6.414542387204159590e-01
6.157939419826427008e-01
5.881134418642643968e-01
5.612808187333633292e-01
5.358506651891856709e-01
5.118055493759305907e-01
4.890682042731219759e-01
4.705902539491622072e-01
4.591808154696213062e-01
4.530040040768147924e-01
4.434982836957999108e-01
4.344431674139530575e-01
4.466368890629199839e-01
4.958536755520022155e-01
5.679552411661662470e-01
6.240734473984518305e-01
6.520366138991771088e-01
6.567613695959155784e-01
6.448699473904238033e-01
6.222989630241374526e-01
5.954775352818256762e-01
5.685860500961211761e-01
5.425979294809356590e-01
5.180268112851005302e-01
4.947936200200407919e-01
4.728245514854280129e-01
4.520505283281487374e-01
4.324057256663647042e-01
4.145509516495671787e-01
4.014510157399229229e-01
3.948281093111341566e-01
3.909919558184722366e-01
3.824068797898490524e-01
3.688741444651811308e-01
3.569836535447583614e-01
3.573377278213815678e-01
3.731522198484954478e-01
3.947252283443012377e-01
4.089607546903586410e-01
4.157247041555833245e-01
4.140382125691936532e-01
4.043695241781514738e-01
4.033320736538464901e-01
4.290349474963622844e-01
4.777082244762693164e-01
5.106110965590149320e-01
5.210481574471235167e-01
5.145324462330270743e-01
4.995771435484498979e-01
4.789387172830480432e-01
4.576298850623181647e-01
4.374688538954554229e-01
4.184025638279171844e-01
4.006274216228755125e-01
3.843286184734337474e-01
3.692976121329805128e-01
3.546980003708633533e-01
3.403774644076518752e-01
3.267138960737914211e-01
3.140708232469589523e-01
3.035426237680884931e-01
2.958090431684529675e-01
2.900242338114630281e-01
2.825762935006653209e-01
2.730928930122609732e-01
2.629036324277864156e-01
2.532595604519902732e-01
2.441298225826280810e-01
2.354855183683040865e-01
2.272997455345510676e-01
2.195474206329612321e-01
2.122049269395332172e-01
2.052498202186145704e-01
1.986609768210618188e-01
1.924189401397551902e-01
1.865053423916496755e-01
1.809024900064529762e-01
1.759633956289377299e-01
1.727317365302290519e-01
1.754125844692200620e-01
1.860484321018857079e-01
2.000693367523704025e-01
2.068576976656147925e-01
2.102200061887548599e-01
2.186349319716387185e-01
2.336564657656389488e-01
2.455952332203855115e-01
2.526884343562075808e-01
2.568137509473484292e-01
2.606870143044134336e-01
2.608436445175926210e-01
2.559569469285875587e-01
2.476623365435192681e-01
2.387162709336615729e-01
2.303937054142947138e-01
2.255826493401169308e-01
2.264840791772307904e-01
2.306995570249768535e-01
2.303686652346650932e-01
2.247235901805073044e-01
2.168398954327358519e-01
2.093646816157399282e-01
2.022899296406083236e-01
1.955934576378319800e-01
1.892539039365358222e-01
1.832510813429265584e-01
1.776700023318018573e-01
1.726241582592506763e-01
1.680657114002639396e-01
1.636410368974377250e-01
1.591926500494634245e-01
1.548087427217256229e-01
1.506217180248705656e-01
1.466529803562472978e-01
1.428904742348911516e-01
1.394225964468226442e-01
1.365731181487938040e-01
1.356854262399460886e-01
1.374395861240840788e-01
1.407809622449411324e-01
1.424968201913978938e-01
1.439661398114635837e-01
1.522460081482135130e-01
1.724621818198395218e-01
1.969194991834493091e-01
2.120078451991556923e-01
2.194519691575659848e-01
2.272271105899348886e-01
2.368788628483373959e-01
2.535866487053463070e-01
2.856695330386683773e-01
3.323168854087084068e-01
3.838294783906408547e-01
4.333819115726495474e-01
4.828713828475148517e-01
5.129670167491837685e-01
5.204749777722258441e-01
5.091347462065076712e-01
4.951114144876473389e-01
4.901579421283097648e-01
4.986537371868737245e-01
5.077900329109202859e-01
5.074411585814999626e-01
4.964483040380813228e-01
4.786116284131766152e-01
4.579944801879702321e-01
4.373504899182243388e-01
4.177803948077865592e-01
3.991733796896437814e-01
3.814997521497039412e-01
3.647615166572706347e-01
3.489395559638843181e-01
3.342587110199360945e-01
3.217981099829721470e-01
3.185939643831123824e-01
3.298145638740091479e-01
3.499687286085618187e-01
3.597014960388995597e-01
3.557612514977141482e-01
3.437243961394315095e-01
3.347290907507365354e-01
3.341571874181381019e-01
3.503084963251051898e-01
3.829388717232010686e-01
4.274535824028777298e-01
4.554477414281340453e-01
4.579838425096973142e-01
4.465594322558019691e-01
4.353725447684678729e-01
4.277881815510047869e-01
4.302040551673022573e-01
4.438126394266961872e-01
4.547170406630385853e-01
4.516092531550175426e-01
4.365516284636413724e-01
4.178609339648889365e-01
3.998966757829732210e-01
3.854916972730864089e-01
3.790287259152640975e-01
3.841079002376702745e-01
3.962661177663521772e-01
4.066535332194967101e-01
4.098904139515641143e-01
4.081805407319929468e-01
4.080998746642035546e-01
4.127538023476992057e-01
4.156567171953107764e-01
4.156538433474886718e-01
4.161945991989651761e-01
4.165784505496629153e-01
4.113672731067357091e-01
3.987333483198748918e-01
3.874527916277977768e-01
3.859687561603072359e-01
3.969995423785983024e-01
4.122234531702848592e-01
4.308742086177294039e-01
4.472894627642107213e-01
4.697817882990245608e-01
5.158418284949157773e-01
5.846586794070421922e-01
6.416525633207350587e-01
7.031558414825442860e-01
8.368728760929966537e-01
1.069266205098640565e+00
1.298142528894524972e+00
1.433103068554089310e+00
1.460801529878241301e+00
1.463167444890305369e+00
1.529224765546367770e+00
1.679657534018366816e+00
1.802996311007271091e+00
1.823768043548665174e+00
1.768975980650989044e+00
1.706549261563821585e+00
1.702312904200876220e+00
1.804461559952434735e+00
2.041843845991458739e+00
2.316610105199900627e+00
2.525135769808792396e+00
2.592423731971806422e+00
2.567836635746981067e+00
2.505757719815358442e+00
2.444999677238819835e+00
2.369254297969844103e+00
2.285293364123657689e+00
2.230011012733824405e+00
2.235216709651810074e+00
2.273858283759762955e+00
2.272498404438441089e+00
2.229215897578920469e+00
2.158747144803219165e+00
2.081677656964301182e+00
1.990325470345736925e+00
1.891906631934304084e+00
1.792747470794822107e+00
1.698897508494265240e+00
1.610191996576580076e+00
1.526373508308664917e+00
1.449262203650933500e+00
1.383861682969639961e+00
1.332236271048012899e+00
1.290068150298928185e+00
1.258016762464639893e+00
1.260258926964854531e+00
1.308349507770246944e+00
1.371640153111218563e+00
1.389343428722490614e+00
1.351817391651882971e+00
1.287256273606815604e+00
1.242173129504856366e+00
1.283885224095687727e+00
1.456401224333850219e+00
1.687311963004257676e+00
1.829088815789774891e+00
1.839922976751468431e+00
1.781701186544983884e+00
1.716914744956997474e+00
1.652240396088096031e+00
1.586898270529794930e+00
1.540074141886129899e+00
1.568830544419396844e+00
1.691051361040519119e+00
1.862902075220258524e+00
1.992969711865742122e+00
2.082565475021364243e+00
2.117517181581697550e+00
2.130682214363904592e+00
2.138709760078876254e+00
2.185616173848433874e+00
2.273252569721770033e+00
2.369799059296169741e+00
2.448990015561113065e+00
2.503720963285619217e+00
2.489956039356949979e+00
2.407312870769855451e+00
2.293581144315792741e+00
2.212642278795353246e+00
2.194915928908919511e+00
2.215355882136128329e+00
2.189861430543658116e+00
2.131153736394756137e+00
2.124026126128459424e+00
2.220462537322418495e+00
2.342880875761909731e+00
2.447320239302841927e+00
2.575770227123558964e+00
2.737588365357169096e+00
2.790233842758774063e+00
2.715098633162188690e+00
2.598443224647968286e+00
2.520830463703493063e+00
2.471938826669439315e+00
2.404238547228995770e+00
2.309323620556320122e+00
2.200766044720066983e+00
2.102803282445280253e+00
2.027238208611691572e+00
1.970248324188850209e+00
1.907299760649042053e+00
1.835553125471125258e+00
1.762905605404335718e+00
1.692380833028778619e+00
1.616089788297291330e+00
1.535770908675423652e+00
1.456559862044450426e+00
1.393672709935103615e+00
1.374148687555114989e+00
1.412970532473334595e+00
1.483903312875863634e+00
1.541232472789548336e+00
1.568834240393977453e+00
1.578603074579110865e+00
1.608940599940746452e+00
1.660027954126150895e+00
1.688032445226469003e+00
1.671893959605773139e+00
1.624408829257547371e+00
1.574023196230642574e+00
1.525651674543964553e+00
1.467894349235864260e+00
1.399339099387638230e+00
1.328099918471126406e+00
1.260373389976868319e+00
1.198499620980717939e+00
1.150220129645795009e+00
1.136486067431031310e+00
1.174151931689878747e+00
1.248159335665457004e+00
1.316498216247038666e+00
1.360898578371764422e+00
1.386263810616473746e+00
1.378943497490145553e+00
1.338322302541416597e+00
1.282358579791003317e+00
1.252251550192205132e+00
1.281563786912073288e+00
1.363108782959991272e+00
1.415197037376911160e+00
1.399173333283468601e+00
1.340144883837241840e+00
1.280816613106746660e+00
1.234938925492051531e+00
1.197936219414796666e+00
1.154498347956258497e+00
1.102463763154782450e+00
1.047569898904481489e+00
9.952774112827040831e-01
9.458242648932502217e-01
9.121372601949302439e-01
9.101251702632701113e-01
9.381636872146791317e-01
9.565954339404387774e-01
9.567925342550266388e-01
9.619663071457297265e-01
9.942805861162106185e-01
1.027496565997811917e+00
1.029598006149279987e+00
9.996092316189741922e-01
9.599614869901166303e-01
9.292160127235175038e-01
9.125578249764085825e-01
9.044324596049270193e-01
9.022489095452416175e-01
9.076578039309436408e-01
9.174074555675851839e-01
9.286537178347136212e-01
9.234930300886381449e-01
9.093017642215798224e-01
8.948023654356186407e-01
8.815974906302059821e-01
8.645646288222836873e-01
8.494242032145901122e-01
8.440643217789254305e-01
8.513866104074050423e-01
8.610279394136930442e-01
8.493268967654756807e-01
8.207732856475959959e-01
7.913262097688442687e-01
7.826100989283997222e-01
7.992269295992531219e-01
8.327246396766179171e-01
8.427890184432277332e-01
8.213655214066135635e-01
7.832525280586136729e-01
7.452490288644939564e-01
7.093242118342015790e-01
6.753646427746476943e-01
6.432627883691464099e-01
6.129167122507814813e-01
5.842295252017967178e-01
5.571089926133063752e-01
5.314676318944459021e-01
5.072227209861841501e-01
4.842961611924372356e-01
4.626147527250998315e-01
4.421864768685848657e-01
4.246495157781348118e-01
4.125661972345454620e-01
4.063159064506238760e-01
4.006808000479821219e-01
3.912089348229395025e-01
3.774752174599586008e-01
3.621736018906157595e-01
3.471089865063418101e-01
3.334615466864064848e-01
3.323131660804889975e-01
3.546342699371729523e-01
3.991424722278281711e-01
4.415809183925207826e-01
4.743563406287498174e-01
5.011194605352676801e-01
5.329169536170980104e-01
5.824894203570412099e-01
6.415045843289650662e-01
7.103430187162772524e-01
7.691214707359295133e-01
8.153915765638232171e-01
8.579593309120490119e-01
9.208606189658603558e-01
9.935296256432254447e-01
1.051123968627564409e+00
1.067456471409836460e+00
1.043581244804656194e+00
9.988404599280724661e-01
9.501256411318137474e-01
9.031803849416604191e-01
8.612907114067709369e-01
8.447501558529513233e-01
8.697870543586070369e-01
9.220187125084329249e-01
9.607695068383099724e-01
9.900786095859117619e-01
1.023400689024739352e+00
1.048530249438836215e+00
1.051485181776635081e+00
1.033660240164510968e+00
1.009073066556403386e+00
9.925155251963168057e-01
9.833667993224222137e-01
9.743010740916521195e-01
9.488869903235770398e-01
9.120754592024169494e-01
8.771003293713866000e-01
8.521996243360048240e-01
8.287920051280311950e-01
7.983356982114134803e-01
7.622534127920412850e-01
7.255131691908791591e-01
6.905531644524600665e-01
6.573819383223553636e-01
6.266235454890728418e-01
5.988582716503558778e-01
5.885765220605492232e-01
6.117423910875831039e-01
6.744986722159616033e-01
7.408190329440302868e-01
7.862794965793720170e-01
7.889682724597507635e-01
7.632451358313214751e-01
7.263646073662402003e-01
6.932702007330807659e-01
6.672599271202364069e-01
6.492494866387654717e-01
6.332213745089323442e-01
6.141122943582397742e-01
5.900362837463410948e-01
