5.000000 1.000000 1.000000
5.000000 0.900421 0.818312
5.000000 0.900457 0.819008
5.000000 0.901082 0.817737
5.000000 0.903239 0.820588
5.000000 0.903180 0.818421
5.000000 0.902022 0.821234
5.000000 0.901090 0.820201
5.000000 0.901936 0.817531
5.000000 0.902689 0.821048
5.000000 0.901450 0.820367
5.000000 0.900723 0.819799
5.000000 0.902378 0.820973
5.000000 0.900948 0.817927
5.000000 0.901969 0.821245
5.000000 0.903761 0.819269
5.000000 0.901247 0.820584
5.000000 0.902464 0.817705
5.000000 0.900836 0.819057
5.000000 0.903121 0.818401
5.000000 0.901023 0.820236
