39.984702 116.318417 1224701584
39.984683 116.31845 1224701590
39.984686 116.318417 1224701595
39.984688 116.318385 1224701600
39.984655 116.318263 1224701605
39.984611 116.318026 1224701610
39.984608 116.317761 1224701615
39.984563 116.317517 1224701620
39.984539 116.317294 1224701625
39.984606 116.317065 1224701630
39.984568 116.316911 1224701635
39.984586 116.316716 1224701640
39.984561 116.316527 1224701645
39.984536 116.316354 1224701650
39.984523 116.316188 1224701655
39.984516 116.315963 1224701660
39.984523 116.315823 1224701665
39.984574 116.315611 1224701670
39.984568 116.315407 1224701675
39.984538 116.315148 1224701680
39.984501 116.314907 1224701685
39.984532 116.314808 1224701690
39.984504 116.314625 1224701695
39.984485 116.314426 1224701700
39.984427 116.31424 1224701705
39.984485 116.314042 1224701710
39.98448 116.313818 1224701715
39.984501 116.313659 1224701720
39.984618 116.314323 1224701725
39.984649 116.314107 1224701730
39.984621 116.313941 1224701735
39.984655 116.313724 1224701740
39.984681 116.313521 1224701745
39.984708 116.313311 1224701750
39.984708 116.313099 1224701755
39.984696 116.312921 1224701760
39.984677 116.312746 1224701765
39.984682 116.312525 1224701770
39.984649 116.312332 1224701775
39.984641 116.312123 1224701780
39.984647 116.311917 1224701785
39.984654 116.31172 1224701790
39.984631 116.311569 1224701795
39.984647 116.31138 1224701800
39.984653 116.311189 1224701805
39.984628 116.311026 1224701810
39.984652 116.310854 1224701815
39.984656 116.31066 1224701820
39.984616 116.310534 1224701825
39.984676 116.31033 1224701830
39.984698 116.310063 1224701835
39.984696 116.309937 1224701840
39.984663 116.309851 1224701845
39.984598 116.309749 1224701850
39.98454 116.309656 1224701855
39.984525 116.309503 1224701860
39.984498 116.309348 1224701865
39.984481 116.309173 1224701870
39.984489 116.308993 1224701875
39.98447 116.308827 1224701880
39.98449 116.308638 1224701885
39.98449 116.308485 1224701890
39.984494 116.308351 1224701895
39.984499 116.308201 1224701900
39.984484 116.308049 1224701905
39.984491 116.307902 1224701910
39.984499 116.307809 1224701915
39.984472 116.307687 1224701920
39.984493 116.307548 1224701925
39.984488 116.307434 1224701930
39.984427 116.307292 1224701935
39.984428 116.307126 1224701940
39.984432 116.306943 1224701945
39.984425 116.306801 1224701950
39.984438 116.306633 1224701955
39.984462 116.306486 1224701960
39.984466 116.3063 1224701965
39.984456 116.306047 1224701970
39.984454 116.305854 1224701975
39.984412 116.305682 1224701980
39.98441 116.305466 1224701985
39.984406 116.305281 1224701990
39.984393 116.305023 1224701995
39.984356 116.304909 1224702000
39.984352 116.304704 1224702005
39.984338 116.304543 1224702010
39.984338 116.304315 1224702015
39.984349 116.304083 1224702020
39.984368 116.303934 1224702025
39.984437 116.303813 1224702030
39.984429 116.303672 1224702035
39.984342 116.303444 1224702040
39.984365 116.303298 1224702045
39.984368 116.303132 1224702050
39.984385 116.30292 1224702055
39.98438 116.302754 1224702060
39.984346 116.302601 1224702065
39.984303 116.302457 1224702070
39.984344 116.302271 1224702075
39.984341 116.302094 1224702080
39.984359 116.301888 1224702085
39.984379 116.301693 1224702090
39.984345 116.3015 1224702095
39.984345 116.301309 1224702100
39.984338 116.301107 1224702105
39.984344 116.300877 1224702110
39.984278 116.300674 1224702115
39.984276 116.300462 1224702120
39.984278 116.300307 1224702125
39.984252 116.300156 1224702130
39.984288 116.299943 1224702135
39.984283 116.29981 1224702140
39.984335 116.299744 1224702145
39.984312 116.299703 1224702150
39.984177 116.299699 1224702155
39.98414 116.299697 1224702160
39.984204 116.299721 1224702165
39.984258 116.299736 1224702170
39.984031 116.299573 1224702175
39.98379 116.299578 1224702180
39.983726 116.299566 1224702185
39.983692 116.299496 1224702190
39.983685 116.299476 1224702195
39.983639 116.299425 1224702200
39.983629 116.299353 1224702205
39.983641 116.299279 1224702210
39.983557 116.299235 1224702215
39.983509 116.299238 1224702220
39.983413 116.299267 1224702225
39.983353 116.299305 1224702230
39.983337 116.299321 1224702235
39.9833 116.299314 1224702240
39.9833 116.299314 1224702243
39.983304 116.299307 1224702245
39.983279 116.299311 1224702250
39.983302 116.299302 1224702255
39.983276 116.299265 1224702260
39.983322 116.299191 1224702265
39.983403 116.299147 1224702270
39.983548 116.299083 1224702275
39.983675 116.299031 1224702280
39.983663 116.298932 1224702285
39.983533 116.298903 1224702290
39.98359 116.298869 1224702295
39.983723 116.298825 1224702300
39.983902 116.298773 1224702305
39.984045 116.298725 1224702310
39.984019 116.298663 1224702315
39.984397 116.299292 1224706122
39.984426 116.299329 1224706127
39.984499 116.299413 1224706132
39.984424 116.299467 1224706137
39.98441 116.299477 1224706142
39.984421 116.299569 1224706147
39.984518 116.29953 1224706152
39.984488 116.299645 1224706157
39.98454 116.299523 1224706162
39.98446 116.299528 1224706167
39.984463 116.299508 1224706172
39.984501 116.299473 1224706177
39.984532 116.299451 1224706182
39.984532 116.299451 1224706185
39.984527 116.299451 1224706187
39.984517 116.299447 1224706192
39.984509 116.299438 1224706197
39.984497 116.299411 1224706202
39.984499 116.299405 1224706207
39.984498 116.299407 1224706212
39.984498 116.299407 1224706215
39.984493 116.299412 1224706217
39.984498 116.299466 1224706222
39.984546 116.29941 1224706227
39.984638 116.299318 1224706232
39.98473 116.299315 1224706237
39.984753 116.299305 1224706242
39.984789 116.299297 1224706247
39.984795 116.299391 1224706252
39.984778 116.299504 1224706257
39.984743 116.299617 1224706262
39.984671 116.299625 1224706267
39.984694 116.299536 1224706272
39.984733 116.29952 1224706277
39.983841 116.299902 1224706282
39.983861 116.300177 1224706287
39.983842 116.300329 1224706292
39.983984 116.300308 1224706297
39.984126 116.300188 1224706302
39.984246 116.300058 1224706307
39.984373 116.300019 1224706312
39.984533 116.300043 1224706317
39.984723 116.300058 1224706322
39.984789 116.300151 1224706327
39.984837 116.300216 1224706332
39.984859 116.300332 1224706337
39.984888 116.300514 1224706342
39.984896 116.300689 1224706347
39.984905 116.300885 1224706352
39.984911 116.301049 1224706357
39.984925 116.301221 1224706362
39.98493 116.301391 1224706367
39.984938 116.301568 1224706372
39.984948 116.301741 1224706377
39.984945 116.301915 1224706382
39.984953 116.302055 1224706387
39.984953 116.302264 1224706392
39.98496 116.302488 1224706397
39.984973 116.302679 1224706402
39.984983 116.30286 1224706407
39.985009 116.303037 1224706412
39.985043 116.303258 1224706417
39.98503 116.303496 1224706422
39.985039 116.303685 1224706427
39.985028 116.303884 1224706432
39.984993 116.304067 1224706437
39.985027 116.304163 1224706442
39.985038 116.30426 1224706447
39.985042 116.304459 1224706452
39.985029 116.304647 1224706457
39.985023 116.304811 1224706462
39.985031 116.304927 1224706467
39.985082 116.305192 1224706472
39.985105 116.305348 1224706477
39.985132 116.305499 1224706482
39.985169 116.305649 1224706487
39.985135 116.305834 1224706492
39.985146 116.305984 1224706497
39.985131 116.306178 1224706502
39.985127 116.306363 1224706507
39.985135 116.306531 1224706512
39.985157 116.306711 1224706517
39.98517 116.306893 1224706522
39.985154 116.307092 1224706527
39.985184 116.307341 1224706532
39.98521 116.30751 1224706537
39.985231 116.307633 1224706542
39.98526 116.307735 1224706547
39.98524 116.307933 1224706552
39.985225 116.308133 1224706557
39.985256 116.308313 1224706562
39.985218 116.308579 1224706567
39.985201 116.308774 1224706572
39.985203 116.30898 1224706577
39.985221 116.309152 1224706582
39.985194 116.30931 1224706587
39.985161 116.309494 1224706592
39.98519 116.309701 1224706597
39.985202 116.309888 1224706602
39.985282 116.30998 1224706607
39.985443 116.30998 1224706612
39.985579 116.309969 1224706617
39.985721 116.309961 1224706622
39.98584 116.309941 1224706627
39.98595 116.309978 1224706632
39.986051 116.310034 1224706637
39.986174 116.310025 1224706642
39.986305 116.309956 1224706647
39.986461 116.309885 1224706652
39.986611 116.309862 1224706657
39.986697 116.309893 1224706662
39.986793 116.309956 1224706667
39.986929 116.309974 1224706672
39.987073 116.309987 1224706677
39.987211 116.310004 1224706682
39.987325 116.31007 1224706687
39.987458 116.310084 1224706692
39.987591 116.310088 1224706697
39.987747 116.310049 1224706702
39.987884 116.310027 1224706707
39.988008 116.310059 1224706712
39.988111 116.310052 1224706717
39.988293 116.309902 1224706722
39.988397 116.309931 1224706727
39.988553 116.309866 1224706732
39.988679 116.309824 1224706737
39.988772 116.309784 1224706742
39.988901 116.309793 1224706747
39.989029 116.309833 1224706752
39.989173 116.309866 1224706757
39.989287 116.309905 1224706762
39.989392 116.309949 1224706767
39.989519 116.310031 1224706772
39.989628 116.310049 1224706777
39.989762 116.310024 1224706782
39.989838 116.310098 1224706787
39.989981 116.310115 1224706792
39.990089 116.310169 1224706797
39.990219 116.310215 1224706802
39.990325 116.310258 1224706807
39.990406 116.310277 1224706812
39.99056 116.31019 1224706817
39.99065 116.310134 1224706822
39.990693 116.310114 1224706827
39.990696 116.310111 1224706832
39.990698 116.310105 1224706837
39.990698 116.310103 1224706842
39.990696 116.310101 1224706847
39.990695 116.310095 1224706852
39.990692 116.310092 1224706857
39.99069 116.31009 1224706862
39.990689 116.310088 1224706867
39.990689 116.310087 1224706872
39.990689 116.310087 1224706875
39.990696 116.31009 1224706877
39.990743 116.310066 1224706882
39.990793 116.310109 1224706887
39.990837 116.310205 1224706892
39.990873 116.310318 1224706897
39.990887 116.310479 1224706902
39.990874 116.310657 1224706907
39.990906 116.310827 1224706912
39.990921 116.310971 1224706917
39.990933 116.311149 1224706922
39.990969 116.311312 1224706927
39.990994 116.311507 1224706932
39.991014 116.311693 1224706937
39.99101 116.311915 1224706942
39.991033 116.312107 1224706947
39.991055 116.312282 1224706952
39.991058 116.312473 1224706957
39.991032 116.312666 1224706962
39.991024 116.312853 1224706967
39.991022 116.313047 1224706972
39.991018 116.313244 1224706977
39.991016 116.313469 1224706982
39.991035 116.313681 1224706987
39.991063 116.31384 1224706992
39.991072 116.31403 1224706997
39.991068 116.314209 1224707002
39.991095 116.314385 1224707007
39.991113 116.314596 1224707012
39.991128 116.314797 1224707017
39.991127 116.315003 1224707022
39.991148 116.315193 1224707027
39.991176 116.315342 1224707032
39.991215 116.315529 1224707037
39.991209 116.315643 1224707042
39.991191 116.31579 1224707047
39.991188 116.315958 1224707052
39.991189 116.316172 1224707057
39.991186 116.316381 1224707062
39.991194 116.316575 1224707067
39.991208 116.316756 1224707072
39.99122 116.316999 1224707077
39.991197 116.317235 1224707082
39.991183 116.317452 1224707087
39.991164 116.317661 1224707092
39.991187 116.317874 1224707097
39.991179 116.318083 1224707102
39.991132 116.318231 1224707107
39.991169 116.31848 1224707112
39.991183 116.318691 1224707117
39.991204 116.318904 1224707122
39.991201 116.319098 1224707127
39.991194 116.319315 1224707132
39.991187 116.31949 1224707137
39.991206 116.319683 1224707142
39.991239 116.319866 1224707147
39.991258 116.320062 1224707152
39.991282 116.320255 1224707157
39.991288 116.320445 1224707162
39.991308 116.320622 1224707167
39.991325 116.320803 1224707172
39.991352 116.321002 1224707177
39.991382 116.321179 1224707182
39.991388 116.321384 1224707187
39.991389 116.321583 1224707192
39.991368 116.321736 1224707197
39.99141 116.321874 1224707202
39.991412 116.322004 1224707207
39.991406 116.322176 1224707212
39.991403 116.322296 1224707217
39.991401 116.322436 1224707222
39.991477 116.322668 1224707227
39.991591 116.322784 1224707232
39.991716 116.322778 1224707237
39.991863 116.322774 1224707242
39.992007 116.322784 1224707247
39.992201 116.322812 1224707252
39.992365 116.3228 1224707257
39.992456 116.322797 1224707262
39.9926 116.32281 1224707267
39.992777 116.322891 1224707272
39.992883 116.322891 1224707277
39.993001 116.322713 1224707282
39.993077 116.322617 1224707287
39.993222 116.322651 1224707292
39.993429 116.32276 1224707297
39.993535 116.322744 1224707302
39.99364 116.322658 1224707307
39.993796 116.322579 1224707312
39.994055 116.322804 1224707317
39.994175 116.322829 1224707322
39.994276 116.322786 1224707327
39.994471 116.322763 1224707332
39.994648 116.322723 1224707337
39.99481 116.322641 1224707342
39.994946 116.322625 1224707347
39.995093 116.32262 1224707352
39.995235 116.322606 1224707357
39.995392 116.322607 1224707362
39.995567 116.322533 1224707367
39.995718 116.32252 1224707372
39.995852 116.322517 1224707377
39.995993 116.322556 1224707382
39.99611 116.322544 1224707387
39.996234 116.322552 1224707392
39.996392 116.322481 1224707397
39.996534 116.322464 1224707402
39.996632 116.322425 1224707407
39.996645 116.322412 1224707412
39.996725 116.322348 1224707417
39.996881 116.322337 1224707422
39.997081 116.322428 1224707427
39.997277 116.322428 1224707432
39.997592 116.322314 1224707437
39.99775 116.322301 1224707442
39.997865 116.322317 1224707447
39.997988 116.32231 1224707452
39.998151 116.322261 1224707457
39.998307 116.322268 1224707462
39.998452 116.322236 1224707467
39.998603 116.322225 1224707472
39.998753 116.322225 1224707477
39.998895 116.322254 1224707482
39.999078 116.322196 1224707487
39.999218 116.322176 1224707492
39.999364 116.322161 1224707497
39.999484 116.322148 1224707502
39.999607 116.322178 1224707507
39.999602 116.322324 1224707512
39.999603 116.322434 1224707517
39.999586 116.322587 1224707522
39.999573 116.32276 1224707527
39.999572 116.322932 1224707532
39.999565 116.323134 1224707537
39.999569 116.32328 1224707542
39.999575 116.323448 1224707547
39.999568 116.323605 1224707552
39.999558 116.323605 1224707557
39.999581 116.323732 1224707562
39.999653 116.324069 1224707567
39.999678 116.324258 1224707572
39.999646 116.324405 1224707577
39.999676 116.324452 1224707582
39.999678 116.324453 1224707587
39.999682 116.324455 1224707592
39.999682 116.324455 1224707595
39.999676 116.324456 1224707597
39.999641 116.32451 1224707602
39.999662 116.324481 1224707607
39.999651 116.324477 1224707612
39.999664 116.324493 1224707617
39.999684 116.324511 1224707622
39.999684 116.324511 1224707625
39.999678 116.324511 1224707627
39.999667 116.324512 1224707632
39.999655 116.324513 1224707637
39.999703 116.324496 1224707642
39.99956 116.324498 1224707647
39.999506 116.324545 1224707652
39.999516 116.324531 1224707657
39.999567 116.324478 1224707662
39.999573 116.3246 1224707667
39.999538 116.324639 1224707672
39.999598 116.324684 1224707677
39.999666 116.324722 1224707682
39.999729 116.324801 1224707687
39.999769 116.324886 1224707692